%a)
Ma_a = 0.412914428482027;
d_a =  1.0555463064675;
p_a = 84307.2645405984;
V_TAS_a =  138.075915188245;
m = 9298.64;
g = 9.80665;
L = m*g;

Cd_0_a = 0.0169 + (0.0169- 0.0169)/0.76*(Ma - 0.1);
K_a = 0.117 + (0.117-0.117)/0.76*(Ma - 0.1);

q_a = 0.5*d*V_TAS^2;
S = 27.87;

D_0_a = q_a*Cd_0_a*S;

D_L_a = K_a*L^2/(q_a*S);
D_a = D_L_a + D_0_a;

%b)
Ma = 1.7093916939014;
d =  0.379596814013331;
p = 23842.2729208915;
V_TAS =   506.895172703613;

Cd_0 = 0.382 + (0.358- 0.382)/0.5*(Ma - 1.5);
K = 0.252 + (0.367- 0.252)/0.5*(Ma - 1.5);

q = 0.5*d*V_TAS^2;
S = 27.87;

D_0 = q*Cd_0*S*Cd_0;
D_L = K*L^2/(q*S);
D_b = D_L + D_0;